109,870088 1044,276140 20,816531 17,196643 322093,880000 108,870088 -0,143882 
109,868808 1044,276540 20,816160 17,196338 330119,084000 108,868808 -0,143882 
109,870088 1044,276140 20,816531 17,196643 322093,880000 108,870088 -0,143882 
109,673218 1044,623950 20,773679 17,160914 318846,424000 108,673218 -0,143875 
109,678088 1044,626790 20,774720 17,161620 318813,982000 108,678088 -0,143875 
109,683112 1044,617360 20,775649 17,162442 318240,797000 108,683112 -0,143876 
109,733909 1044,542890 20,783446 17,168926 326151,029000 108,733909 -0,143877 
109,734933 1044,533040 20,784007 17,169313 327090,547000 108,734933 -0,143877 
109,741039 1044,531310 20,785488 17,170512 318046,691000 108,741039 -0,143877 
109,856747 1044,359400 20,808088 17,189001 315609,839000 108,856747 -0,143881 
109,862613 1044,349200 20,809337 17,190059 316335,570000 108,862613 -0,143881 
109,870349 1044,344540 20,810637 17,191095 317667,036000 108,870349 -0,143881 
109,976476 1044,129430 20,831912 17,208416 313382,608000 108,976476 -0,143885 
109,979835 1044,121940 20,832667 17,209074 309372,723000 108,979835 -0,143885 
109,981271 1044,123000 20,832800 17,209158 308036,311000 108,981271 -0,143885 
110,084367 1043,926100 20,853641 17,226025 307072,696000 109,084367 -0,143889 
110,085198 1043,924480 20,853725 17,226180 313412,231000 109,085198 -0,143889 
110,092925 1043,913460 20,855243 17,227411 311437,845000 109,092925 -0,143890 
110,101904 1043,895630 20,856857 17,228675 309080,202000 109,101904 -0,143890 
110,101216 1043,895050 20,856886 17,228842 311539,791000 109,101216 -0,143890 
110,159664 1043,774920 20,868358 17,238056 306575,858000 109,159664 -0,143892 
110,162010 1043,767030 20,868807 17,238396 304455,314000 109,162010 -0,143892 
110,166583 1043,765490 20,869560 17,239148 309445,107000 109,166583 -0,143893 
110,252245 1043,549180 20,887731 17,253886 310459,849000 109,252245 -0,143897 
110,261218 1043,539110 20,889304 17,255222 305286,473000 109,261218 -0,143897 
110,263200 1043,530610 20,889812 17,255615 307409,836000 109,263200 -0,143897 
110,345921 1043,375030 20,906208 17,268888 307631,246000 109,345921 -0,143900 
110,351786 1043,361780 20,907225 17,269820 310847,191000 109,351786 -0,143901 
110,355992 1043,359040 20,907825 17,270285 312303,358000 109,355992 -0,143901 
110,441401 1043,198480 20,924828 17,284003 306932,946000 109,441401 -0,143904 
110,445209 1043,189040 20,925549 17,284805 303712,977000 109,445209 -0,143904 
110,446411 1043,184660 20,925652 17,284827 302616,306000 109,446411 -0,143904 
110,523045 1043,076900 20,940667 17,297077 299559,382000 109,523045 -0,143906 
110,525448 1043,068220 20,940901 17,297169 299103,279000 109,525448 -0,143906 
110,526447 1043,061410 20,941638 17,297914 300299,800000 109,526447 -0,143907 
110,527973 1043,060400 20,941720 17,297942 298249,956000 109,527973 -0,143907 
110,584797 1042,949680 20,952765 17,306892 298044,418000 109,584797 -0,143909 
110,586338 1042,947060 20,953037 17,307103 298497,172000 109,586338 -0,143909 
110,587106 1042,946290 20,953196 17,307241 299716,254000 109,587106 -0,143909 
110,586364 1042,945820 20,953121 17,307191 302558,863000 109,586364 -0,143909 
110,606852 1042,927960 20,955783 17,309318 289506,936000 109,606852 -0,143909 
110,606985 1042,927100 20,955831 17,309397 298268,705000 109,606985 -0,143909 
110,607000 1042,923860 20,955908 17,309486 291402,333000 109,607000 -0,143909 
110,629729 1042,875630 20,960247 17,312945 295390,868000 109,629729 -0,143910 
110,632425 1042,877380 20,960379 17,313184 299502,508000 109,632425 -0,143910 
110,632077 1042,875620 20,960409 17,313125 297084,454000 109,632077 -0,143910 
110,634129 1042,879020 20,960616 17,313217 301073,790000 109,634129 -0,143910 
110,616280 1042,868600 20,956957 17,310337 295553,508000 109,616280 -0,143910 
110,617339 1042,870770 20,956860 17,310220 298975,063000 109,617339 -0,143910 
110,615227 1042,871310 20,956516 17,309940 294765,499000 109,615227 -0,143910 
110,575531 1042,928840 20,947491 17,302532 297007,873000 109,575531 -0,143909 
110,576200 1042,936670 20,947471 17,302612 295578,663000 109,576200 -0,143909 
110,575366 1042,936400 20,947449 17,302639 295926,213000 109,575366 -0,143909 
110,575643 1042,932280 20,947305 17,302467 296014,141000 109,575643 -0,143909 
110,495499 1043,081630 20,928049 17,286831 298294,934000 109,495499 -0,143906 
110,494176 1043,087880 20,927750 17,286582 297513,387000 109,494176 -0,143906 
110,491635 1043,093790 20,927335 17,286278 295144,624000 109,491635 -0,143906 
110,348559 1043,355230 20,894006 17,259284 298476,830000 109,348559 -0,143901 
110,343967 1043,372860 20,893116 17,258544 294841,393000 109,343967 -0,143900 
110,336382 1043,380580 20,891689 17,257363 297263,665000 109,336382 -0,143900 
110,009958 1044,003950 20,817066 17,196845 302027,353000 109,009958 -0,143888 
110,000916 1044,019550 20,815414 17,195436 308271,242000 109,000916 -0,143887 
109,994914 1044,031150 20,814164 17,194373 305269,023000 108,994914 -0,143887 
107,347603 1049,117700 20,220486 16,711933 312010,533000 106,347603 -0,143787 
107,342074 1049,127730 20,219424 16,711246 311898,198000 106,342074 -0,143786 
107,281976 1049,235780 20,207378 16,701263 318960,490000 106,281976 -0,143784 
102,835866 1057,997530 19,210150 15,890130 350432,365000 101,835866 -0,143612 
102,744041 1058,179480 19,191881 15,875162 349233,114000 101,744041 -0,143609 
102,644985 1058,380650 19,171852 15,858714 353256,297000 101,644985 -0,143605 
93,172206 1078,844640 17,162678 14,213858 1841944,310000 92,172206 -0,143211 
93,110108 1078,974090 17,150232 14,203712 1853644,740000 92,110108 -0,143208 
93,050536 1079,106130 17,138103 14,193699 1890302,840000 92,050536 -0,143206 
82,035026 1104,585620 14,801824 12,273912 3940664,830000 81,035026 -0,142728 
81,990990 1104,702230 14,792781 12,266502 3964890,710000 80,990990 -0,142726 
81,948115 1104,820270 14,783885 12,259161 4009994,160000 80,948115 -0,142724 
74,669260 1123,604330 13,252905 10,995638 6351212,280000 73,669260 -0,142381 
74,629178 1123,708820 13,244655 10,988910 6385535,210000 73,629178 -0,142379 
74,579632 1123,837100 13,234369 10,980528 6401955,530000 73,579632 -0,142377 
70,903878 1133,859430 12,471663 10,349008 8703352,660000 69,903878 -0,142197 
70,891426 1133,919760 12,469441 10,347138 8628471,170000 69,891426 -0,142196 
70,780941 1134,251030 12,446329 10,328134 8517444,290000 69,780941 -0,142190 
67,834770 1142,691240 11,838058 9,823692 10641422,800000 66,834770 -0,142040 
67,759825 1142,893560 11,822425 9,810750 10894131,500000 66,759825 -0,142037 
67,697450 1143,074960 11,809470 9,800010 10829933,300000 66,697450 -0,142033 
62,434823 1159,146810 10,732278 8,906999 42618715,100000 61,434823 -0,141752 
62,394987 1159,290560 10,723939 8,900105 48751044,600000 61,394987 -0,141749 
62,355766 1159,399260 10,715474 8,893219 48766461,500000 61,355766 -0,141748 
58,539174 1171,911240 9,947697 8,256560 30478508,000000 57,539174 -0,141532 
58,493840 1172,094210 9,939103 8,249433 31181068,500000 57,493840 -0,141529 
58,467331 1172,189270 9,933948 8,245249 31172531,900000 57,467331 -0,141527 
54,914034 1184,583770 9,207902 7,642658 97120483,000000 53,914034 -0,141317 
54,878747 1184,701930 9,200511 7,636616 94937766,300000 53,878747 -0,141315 
54,834483 1184,842450 9,191548 7,629145 96491158,700000 53,834483 -0,141312 
53,293237 1190,496750 8,869396 7,361654 118056028,000000 52,293237 -0,141217 
53,149009 1191,020930 8,840109 7,337270 118335031,000000 52,149009 -0,141209 
53,111315 1191,180990 8,831973 7,330566 98999999999999993400000000000000000000,000000 52,111315 -0,141206 
49,650198 1204,509160 8,102656 6,724409 103480256,000000 48,650198 -0,140984 
49,596432 1204,725810 8,091392 6,715007 102520355,000000 48,596432 -0,140981 
49,568967 1204,838430 8,085675 6,710303 105081141,000000 48,568967 -0,140979 
46,974866 1215,692650 7,539283 6,256302 98999999999999993400000000000000000000,000000 -137,727621 -0,140801 
46,937125 1215,868560 7,531084 6,249479 98999999999999993400000000000000000000,000000 -137,825650 -0,140798 
46,896758 1216,032270 7,522898 6,242674 98999999999999993400000000000000000000,000000 -137,930498 -0,140795 
43,895115 1228,996780 6,882890 5,709456 98999999999999993400000000000000000000,000000 -145,726973 -0,140585 
43,845568 1229,229660 6,872630 5,700933 98999999999999993400000000000000000000,000000 -145,855666 -0,140581 
43,808986 1229,396310 6,865114 5,694629 98999999999999993400000000000000000000,000000 -145,950685 -0,140578 
39,882824 1248,036220 6,031759 4,999850 98999999999999993400000000000000000000,000000 -156,148509 -0,140281 
39,860430 1248,160990 6,026819 4,995771 98999999999999993400000000000000000000,000000 -156,206675 -0,140280 
39,836027 1248,285280 6,021900 4,991682 98999999999999993400000000000000000000,000000 -156,270059 -0,140278 
23,375151 1351,010530 2,610358 2,150401 98999999999999993400000000000000000000,000000 -199,025583 -0,138737 
23,441428 1350,951220 2,610296 2,151232 98999999999999993400000000000000000000,000000 -198,853434 -0,138738 
23,375307 1350,913330 2,610000 2,151268 98999999999999993400000000000000000000,000000 -199,025178 -0,138739 
22,891476 1359,036320 2,610292 2,130839 98999999999999993400000000000000000000,000000 -200,281881 -0,138623 
22,891918 1359,023280 2,610195 2,130788 98999999999999993400000000000000000000,000000 -200,280732 -0,138623 
22,893656 1359,011760 2,610300 2,130844 98999999999999993400000000000000000000,000000 -200,276218 -0,138624 
21,998079 1361,752230 2,611465 2,131706 98999999999999993400000000000000000000,000000 -202,602392 -0,138585 
21,998810 1361,746390 2,611537 2,131822 98999999999999993400000000000000000000,000000 -202,600493 -0,138585 
21,999241 1361,745440 2,611575 2,131764 98999999999999993400000000000000000000,000000 -202,599373 -0,138585