110,490933 1043,630290 20,922853 17,285331 298376,244000 109,490933 -0,143895 
110,495151 1043,618500 20,923745 17,285904 289236,704000 109,495151 -0,143895 
110,496506 1043,619650 20,923701 17,285949 294651,613000 109,496506 -0,143895 
110,567568 1043,511940 20,936972 17,296855 293087,350000 109,567568 -0,143898 
110,568490 1043,509390 20,937306 17,297221 293598,409000 109,568490 -0,143898 
110,569054 1043,510140 20,937462 17,297256 300862,579000 109,569054 -0,143898 
110,594956 1043,469540 20,942023 17,301069 303203,664000 109,594956 -0,143898 
110,596205 1043,470330 20,942202 17,301274 299573,725000 109,596205 -0,143898 
110,597786 1043,466350 20,942319 17,301260 296576,267000 109,597786 -0,143898 
110,607426 1043,462890 20,943261 17,302065 294233,984000 27,551756 -0,143899 
110,607694 1043,454240 20,943093 17,301955 296485,161000 27,552452 -0,143899 
110,607391 1043,451970 20,943193 17,302023 291019,790000 27,551665 -0,143899 
110,599903 1043,471600 20,941113 17,300396 291473,320000 27,532216 -0,143898 
110,600349 1043,469640 20,941259 17,300541 297214,380000 27,533374 -0,143898 
110,599899 1043,468990 20,941241 17,300398 294045,809000 27,532205 -0,143898 
110,545694 1043,581890 20,928570 17,290340 291648,839000 27,391413 -0,143896 
110,545288 1043,574390 20,928364 17,290057 290856,338000 27,390358 -0,143896 
110,545185 1043,570800 20,928346 17,290056 297718,527000 27,390091 -0,143896 
110,543269 1043,572400 20,928021 17,289993 293461,029000 27,385114 -0,143896 
110,543269 1043,572400 20,928021 17,289993 293461,029000 27,385114 -0,143896 
110,541725 1043,568480 20,927968 17,289830 293961,639000 27,381104 -0,143896 
110,338802 1043,957240 20,882380 17,253035 295465,242000 26,854031 -0,143889 
110,337287 1043,958180 20,882454 17,252967 291142,392000 26,850096 -0,143889 
110,337987 1043,962480 20,882479 17,253082 290411,416000 26,851914 -0,143889 
109,095538 1046,306690 20,613883 17,034661 294021,858000 23,624774 -0,143842 
109,088754 1046,322330 20,612551 17,033673 300700,504000 23,607153 -0,143842 
109,083637 1046,333880 20,611459 17,032721 296709,915000 23,593862 -0,143842 
107,105649 1050,140270 20,185021 16,685672 313300,202000 18,456231 -0,143766 
107,080673 1050,186590 20,180069 16,681592 320672,391000 18,391358 -0,143766 
107,063689 1050,227170 20,176067 16,678313 313206,430000 18,347244 -0,143765 
104,736898 1054,748810 19,687048 16,278574 322431,842000 12,303631 -0,143676 
104,735320 1054,753400 19,686583 16,278247 322221,512000 12,299532 -0,143676 
104,724200 1054,772620 19,684131 16,276261 323539,515000 12,270649 -0,143675 
102,807155 1058,566280 19,277973 15,944333 332390,918000 7,291312 -0,143601 
102,792222 1058,595460 19,275156 15,941864 332460,702000 7,252525 -0,143601 
102,777615 1058,625570 19,272115 15,939565 332293,774000 7,214584 -0,143600 
101,330391 1061,533620 18,967594 15,690370 344879,703000 3,455561 -0,143544 
101,320517 1061,552560 18,965388 15,688513 346464,406000 3,429914 -0,143543 
101,317371 1061,557550 18,964750 15,688028 343587,854000 3,421743 -0,143543 
97,038428 1070,993380 18,051105 14,942128 1752516,590000 -7,692394 -0,143361 
97,004041 1071,060140 18,043854 14,936191 1801630,180000 -7,781711 -0,143360 
96,947573 1071,182680 18,032479 14,926815 1762104,650000 -7,928381 -0,143357 
89,192571 1088,137160 16,389485 13,581821 2891533,770000 -28,071244 -0,143035 
89,174170 1088,153740 16,385968 13,578793 2890804,310000 -28,119040 -0,143035 
89,085228 1088,379410 16,367864 13,563923 2899901,980000 -28,350057 -0,143030 
76,474785 1119,069750 13,704236 11,374132 5214384,150000 -61,104453 -0,142463 
76,411624 1119,249660 13,690024 11,362428 5198043,930000 -61,268510 -0,142460 
76,326446 1119,448680 13,671605 11,347155 5276139,240000 -61,489750 -0,142456 
54,492670 1186,848090 9,140840 7,596560 98999999999999993400000000000000000000,000000 -118,200857 -0,141279 
54,414361 1187,132380 9,124591 7,583037 98999999999999993400000000000000000000,000000 -118,404258 -0,141274 
54,362554 1187,311540 9,114164 7,574413 98999999999999993400000000000000000000,000000 -118,538821 -0,141271 
46,673155 1217,706960 7,508118 6,238679 98999999999999993400000000000000000000,000000 -138,511287 -0,140768 
46,643867 1217,825510 7,502160 6,233676 98999999999999993400000000000000000000,000000 -138,587357 -0,140766 
46,629403 1217,913130 7,499207 6,231218 98999999999999993400000000000000000000,000000 -138,624928 -0,140764 
36,746344 1265,008650 5,452853 4,522984 98999999999999993400000000000000000000,000000 -164,295209 -0,140016 
36,730671 1265,083360 5,449717 4,520451 98999999999999993400000000000000000000,000000 -164,335918 -0,140015 
36,671149 1265,395660 5,437609 4,510336 98999999999999993400000000000000000000,000000 -164,490522 -0,140010 
26,308183 1329,703800 3,365219 2,772119 98999999999999993400000000000000000000,000000 -191,407316 -0,139044 
26,209064 1330,415870 3,346396 2,756241 98999999999999993400000000000000000000,000000 -191,664769 -0,139034 
26,144643 1330,898220 3,334018 2,745873 98999999999999993400000000000000000000,000000 -191,832096 -0,139027 
13,818785 1448,636180 1,220647 0,961382 98999999999999993400000000000000000000,000000 -223,847312 -0,137406 
13,733057 1449,749960 1,208514 0,951098 98999999999999993400000000000000000000,000000 -224,069982 -0,137392 
13,650094 1450,841810 1,196871 0,941260 98999999999999993400000000000000000000,000000 -224,285470 -0,137378 
5,950793 1617,404290 0,341419 0,222265 98999999999999993400000000000000000000,000000 -244,283654 -0,135355 
5,938911 1617,939680 0,340347 0,221450 98999999999999993400000000000000000000,000000 -244,314517 -0,135349 
5,923916 1618,486560 0,339471 0,220737 98999999999999993400000000000000000000,000000 -244,353466 -0,135343 
3,536507 1830,641250 0,203029 0,111551 98999999999999993400000000000000000000,000000 -250,554526 -0,133123 
3,532941 1831,031500 0,202882 0,111479 98999999999999993400000000000000000000,000000 -250,563788 -0,133119 
3,530816 1831,930570 0,202918 0,111455 98999999999999993400000000000000000000,000000 -250,569310 -0,133110 
3,080977 2064,331050 0,191074 0,101805 98999999999999993400000000000000000000,000000 -251,737723 -0,131026 
3,079220 2064,655580 0,191105 0,101805 98999999999999993400000000000000000000,000000 -251,742285 -0,131023 
3,077229 2066,126810 0,191110 0,101776 98999999999999993400000000000000000000,000000 -251,747457 -0,131011 
2,961840 2477,665640 0,190764 -0,000031 98999999999999993400000000000000000000,000000 -252,047169 -0,127964 
2,961280 2477,129910 0,190697 -0,000012 98999999999999993400000000000000000000,000000 -252,048623 -0,127968 
2,960572 2477,331450 0,190720 -0,000023 98999999999999993400000000000000000000,000000 -252,050461 -0,127967 
2,933899 2779,957930 0,191139 0,000013 98999999999999993400000000000000000000,000000 -252,119743 -0,126106 
2,933428 2778,655400 0,191103 0,000016 98999999999999993400000000000000000000,000000 -252,120966 -0,126114 
2,933120 2778,429000 0,191156 -0,000022 98999999999999993400000000000000000000,000000 -252,121766 -0,126115 
