
2,926451 2755,923180 0,191121 0,000014 98999999999999993400000000000000000000,000000 -252,139089 -0,126244 
2,927011 2756,886110 0,191126 -0,000028 98999999999999993400000000000000000000,000000 -252,137635 -0,126239 
2,925866 2756,850370 0,191086 -0,000032 98999999999999993400000000000000000000,000000 -252,140607 -0,126239 
2,926048 2759,865070 0,191113 -0,000009 98999999999999993400000000000000000000,000000 -252,140134 -0,126222 
2,924945 2755,749200 0,191115 0,000011 98999999999999993400000000000000000000,000000 -252,143000 -0,126245 
2,925457 2757,251730 0,191118 0,000024 98999999999999993400000000000000000000,000000 -252,141670 -0,126237 
2,925643 2756,816800 0,191084 0,000016 98999999999999993400000000000000000000,000000 -252,141188 -0,126239 
2,926190 2755,463500 0,191108 -0,000016 98999999999999993400000000000000000000,000000 -252,139767 -0,126247 
2,926228 2756,945960 0,191115 -0,000004 98999999999999993400000000000000000000,000000 -252,139668 -0,126238 
2,926940 2757,438400 0,191097 0,000007 98999999999999993400000000000000000000,000000 -252,137819 -0,126236 
2,926292 2755,026430 0,191131 0,000104 98999999999999993400000000000000000000,000000 -252,139501 -0,126250 
2,926562 2752,740970 0,191106 -0,000016 98999999999999993400000000000000000000,000000 -252,138799 -0,126263 
