2.9307e+02 3.9492e+00
2.9333e+02 3.9573e+00
2.9342e+02 3.9602e+00
2.9346e+02 3.9614e+00
2.9342e+02 3.9602e+00
2.9318e+02 3.9525e+00
2.9318e+02 3.9526e+00
2.9229e+02 3.9241e+00
2.8691e+02 3.7556e+00
2.7852e+02 3.5003e+00
2.6919e+02 3.2277e+00
2.6180e+02 3.0200e+00
2.5637e+02 2.8721e+00
2.4029e+02 2.4578e+00
2.1577e+02 1.8962e+00
1.8158e+02 1.2489e+00
1.3386e+02 6.3761e-01
1.1926e+02 5.2052e-01
1.0174e+02 4.2179e-01
8.4023e+01 3.5546e-01
6.2745e+01 2.9588e-01
4.4880e+01 2.4079e-01
3.1473e+01 1.8702e-01
2.2234e+01 1.4149e-01
1.1808e+01 7.9809e-02
4.2200e+00 1.1573e-01
