2.9255e+02 2.5517e-03
2.9208e+02 1.4664e-03
2.9222e+02 4.3988e-03
2.9253e+02 2.1152e-03
2.9282e+02 2.1479e-03
2.9308e+02 5.8178e-03
2.9312e+02 4.8298e-02
2.9328e+02 6.6214e-02
2.9352e+02 6.5928e-02
2.9374e+02 6.6307e-02
2.9396e+02 6.1597e-02
2.9416e+02 1.5366e-03
2.9431e+02 1.6054e-03
2.9436e+02 1.6682e-02
2.9441e+02 1.6421e-02
2.9442e+02 1.6313e-02
2.9438e+02 3.0717e-02
2.9428e+02 1.7324e-03
2.9408e+02 1.7785e-03
2.9371e+02 2.8526e-03
2.9287e+02 2.8826e-03
2.8636e+02 4.4571e-02
2.7510e+02 6.0556e-03
2.5151e+02 2.3947e-03
2.2428e+02 1.4538e-03
2.0625e+02 7.7978e-03
1.9709e+02 8.0037e-02
1.8942e+02 1.0314e-02
1.7628e+02 1.1537e-03
1.6673e+02 1.5404e-02
1.5788e+02 7.4058e-03
1.5364e+02 8.6977e-02
1.4494e+02 2.1499e-02
1.3843e+02 2.4224e-03
1.3085e+02 1.0647e-02
1.2109e+02 2.0345e-03
8.0883e+01 1.0809e-01
7.9537e+01 1.7944e-03
7.7350e+01 1.4845e-03
