Profile 1;Profile 1;
x;y;
[m];[m];
0;2.5196716e-10;
9.1536801e-11;2.7986448e-10;
1.830736e-10;3.2217743e-10;
2.746104e-10;3.4241582e-10;
3.661472e-10;3.5900399e-10;
4.57684e-10;3.3035405e-10;
5.492208e-10;3.4095033e-10;
6.4075761e-10;3.0470979e-10;
7.3229441e-10;3.2267339e-10;
8.2383121e-10;2.9928068e-10;
9.1536801e-10;2.910117e-10;
1.0069048e-09;3.4029126e-10;
1.0984416e-09;2.9322075e-10;
1.1899784e-09;2.438287e-10;
1.2815152e-09;2.2558278e-10;
1.373052e-09;2.4913376e-10;
1.4645888e-09;2.3690179e-10;
1.5561256e-09;2.8149241e-10;
1.6476624e-09;2.7784888e-10;
1.7391992e-09;2.9660307e-10;
1.830736e-09;2.208783e-10;
1.9222728e-09;2.1932519e-10;
2.0138096e-09;1.1129235e-10;
2.1053464e-09;9.9713446e-11;
2.1968832e-09;1.4410987e-10;
2.28842e-09;1.7200798e-10;
2.3799568e-09;1.2693796e-10;
2.4714936e-09;1.7806284e-10;
2.5630304e-09;1.4296312e-10;
2.6545672e-09;1.4003963e-10;
2.746104e-09;1.7206229e-10;
2.8376408e-09;2.5500393e-10;
2.9291776e-09;2.8693087e-10;
3.0207144e-09;3.3525379e-10;
3.1122512e-09;3.1592251e-10;
3.203788e-09;2.6230128e-10;
3.2953248e-09;3.1353864e-10;
3.3868616e-09;3.5787727e-10;
3.4783984e-09;3.6040819e-10;
3.5699352e-09;1.4145424e-10;
3.661472e-09;-2.1135018e-10;
3.7530088e-09;-5.9613822e-10;
3.8445456e-09;-8.8036484e-10;
3.9360824e-09;-9.5111342e-10;
4.0276192e-09;-8.9770325e-10;
4.119156e-09;-8.759488e-10;
4.2106928e-09;-8.9469267e-10;
4.3022296e-09;-8.6517538e-10;
4.3937664e-09;-9.0875845e-10;
4.4853032e-09;-9.9375496e-10;
4.57684e-09;-9.401905e-10;
4.6683768e-09;-9.5088576e-10;
4.7599136e-09;-9.223972e-10;
4.8514504e-09;-9.7912325e-10;
4.9429872e-09;-9.3803698e-10;
5.034524e-09;-8.316202e-10;
5.1260608e-09;-7.2878148e-10;
5.2175976e-09;-5.7226706e-10;
5.3091344e-09;-5.0152768e-10;
5.4006712e-09;-5.2224663e-10;
5.492208e-09;-4.5803137e-10;
5.5837448e-09;-4.3490175e-10;
5.6752816e-09;-3.9038965e-10;
5.7668184e-09;-3.2919359e-10;
5.8583552e-09;-3.5931275e-10;
5.949892e-09;-3.2421729e-10;
6.0414288e-09;-2.0069331e-10;
6.1329656e-09;-2.1786728e-10;
6.2245024e-09;-2.2709046e-10;
6.3160392e-09;-2.830177e-10;
6.4075761e-09;-4.0824267e-10;
6.4991129e-09;-4.2484375e-10;
6.5906497e-09;-4.5842704e-10;
6.6821865e-09;-4.7515485e-10;
6.7737233e-09;-5.0334349e-10;
6.8652601e-09;-4.4092721e-10;
6.9567969e-09;-3.6672404e-10;
7.0483337e-09;-3.4008845e-10;
7.1398705e-09;-3.6178285e-10;
7.2314073e-09;-3.6039773e-10;
7.3229441e-09;-3.9935109e-10;
7.4144809e-09;-3.6902095e-10;
7.5060177e-09;-4.4690914e-10;
7.5975545e-09;-5.1754721e-10;
7.6890913e-09;-5.7992476e-10;
7.7806281e-09;-4.3106792e-10;
7.8721649e-09;-4.0432513e-10;
7.9637017e-09;-3.923287e-10;
8.0552385e-09;-4.1332896e-10;
8.1467753e-09;-3.9693564e-10;
8.2383121e-09;-3.3587934e-10;
8.3298489e-09;-4.8265405e-10;
8.4213857e-09;-5.4906154e-10;
8.5129225e-09;-5.2342191e-10;
8.6044593e-09;-5.2177646e-10;
8.6959961e-09;-5.1402572e-10;
8.7875329e-09;-4.9733623e-10;
8.8790697e-09;-4.9604053e-10;
8.9706065e-09;-4.3736807e-10;
9.0621433e-09;-4.2609985e-10;
9.1536801e-09;-5.2267012e-10;
9.2452169e-09;-5.1998305e-10;
9.3367537e-09;-4.6346024e-10;
9.4282905e-09;-4.2629007e-10;
9.5198273e-09;-3.9211354e-10;
9.6113641e-09;-4.2373951e-10;
9.7029009e-09;-4.6004996e-10;
9.7944377e-09;-4.50828e-10;
